0.0 -34.854633 -7.160529
0.5574 -64.202968 -31.42231
0.0 -0.74029 37.935951
0.6204 -88.343016 37.021889
0.0 -46.520748 -23.451561
0.0 -53.074439 -32.236586
0.0 -8.911886 38.626836
0.0 -43.263355 -22.910777
0.0 2.144412 48.852701
-0.1027 -92.071312 30.168478
0.0 -0.680076 52.305131
0.0 -81.679478 29.991486
0.0 110.913042 -6.51076
0.0 -58.764998 -34.496595
-0.5473 -157.927759 21.359563
-0.6486 -80.368142 27.261083
0.872 -5.860252 35.779941
-0.3576 -2.767099 56.630158
0.4278 -95.823785 36.125758
0.0 -74.177573 4.619365
0.0 -3.535489 40.353584
0.0 -70.289067 43.703525
0.0 28.954771 41.075966
0.0 -90.644419 14.450257
0.0 -58.407554 -31.522385
-0.5487 -49.939436 -24.5414
0.0 -74.006435 40.654871
0.0 32.63357 39.949303
0.6166 -57.974425 -34.956375
0.0 -72.865052 40.810756
0.0 -40.501742 -20.660213
0.0 -111.733004 40.067749
-0.8586 -2.242635 53.470757
0.7845 -84.025738 39.782554
-0.5267 -84.227629 33.511281
0.0 -75.38096 39.915712
0.0 -49.33354 -20.771561
-0.4391 -0.201398 53.835436
0.0 -40.323475 -20.380311
0.5622 -75.910428 45.286472
0.7184 27.827554 -26.23298
0.0 -78.870415 42.916675
-0.34 -73.689219 45.505739
0.0 -87.180738 33.84697
0.6369 -81.659441 30.408704
-0.428 -101.955893 33.52074
0.0 -45.436096 -23.664836
0.0 28.087395 -25.549766
0.0 -58.001086 -34.933221
0.5106 -115.223437 36.073555
0.0 -48.568647 -27.686225
0.6255 -90.1397 32.437238
0.0 -43.535738 -21.454556
0.0 -43.773514 -20.67412
0.0 -45.773273 -23.140477
-0.34 -80.9947 34.933965
-0.5267 -64.192768 -31.406928
0.0 -3.618233 40.379575
0.4215 -57.552355 -38.01101
0.0 -4.249396 40.38425
0.0 -66.003929 18.3673
0.0 -69.991483 18.469159
0.0 13.391417 52.550409
0.0 -82.547718 28.187798
0.0 -100.397716 25.781343
0.4707 -42.234796 -19.624909
0.0 112.757758 -7.357412
0.4574 3.321111 6.577222
0.2023 -95.480105 29.530634
0.0 27.851882 37.831869
0.0 -93.272468 44.990991
0.0 -50.555341 -20.275765
0.0 -49.204276 -16.686702
-0.8673 -95.471277 30.01869
0.0 125.171939 6.126755
0.0 49.835567 40.344149
-0.128 -1.6816 53.719257
0.1877 -111.684908 33.40935
0.8658 -82.895617 42.479204
0.5719 -155.994 19.65
0.5093 117.570431 3.323539
-0.4576 20.959592 -28.70376
0.0 -61.949535 -29.886836
0.0 -83.658716 41.380477
-0.5574 -77.380116 44.16922
0.0 -59.015326 -27.454862
0.0 -96.013636 41.292574
0.0 -5.640516 37.471484
0.0 2.589203 48.781466
-0.5267 -56.203658 -34.833282
0.0 -64.178661 -31.42259
0.0 -73.049401 -36.828902
-0.6124 -60.72142 -32.824312
0.0 101.535263 3.079905
0.0 -57.948858 -34.955085
0.0 121.113066 14.655468
0.0 -52.389608 -28.294674
0.0 -48.394655 -1.400824
0.0 101.722917 2.992553
0.0 -47.814178 -15.891467
0.0 -75.562631 39.740968
0.3612 -77.152604 38.752275
0.3818 -81.382381 28.671599
0.0 -50.210141 -30.190665
-0.296 -65.237304 -26.756616
0.0 -96.17069 42.88083
-0.9559 -84.238152 46.5371
0.8225 -101.373367 20.694884
0.4404 -0.229649 51.507335
-0.4098 -99.207449 19.529332
0.0 -59.026314 -34.108434
0.0 -101.88207 33.578764
0.0 -48.040582 -15.862523
0.5093 12.166102 57.421372
0.0 31.176084 30.970838
0.0 -119.752689 39.534911
0.0 119.875856 -0.9155
0.0 2.422627 48.809826
0.0 -115.122969 36.009167
0.2732 -82.156293 35.117691
0.0 112.87944 -6.971703
0.0 -47.006324 -22.974979
0.0 6.133449 49.244546
0.2732 -56.143368 -34.883749
0.0 -118.031139 34.139889
0.0 -88.020269 43.060716
0.0 -118.328997 33.996765
0.0 -70.668877 41.762555
0.0 -95.283105 30.006483
-0.296 107.47997 -6.394815
0.0 -6.302642 53.316455
0.0 -81.72985 40.952746
0.024 -114.523893 32.645142
0.4199 -79.711878 36.296041
-0.4215 -43.906576 -19.84412
0.0 -8.477284 51.891272
0.1531 -8.300283 52.286059
0.0 -0.467548 39.459151
0.0 -74.053053 40.158221
0.0 -3.044855 51.642654
0.0 10.437273 63.309659
0.0 7.057079 43.579089
0.0 -117.293709 34.101228
0.0 -2.961062 51.578455
0.0 2.339818 48.89111
-0.2263 -1.27235 5.1368
0.0 -97.669762 35.813988
-0.296 -64.156061 -31.425552
0.0 -118.24437 34.011331
0.872 -0.208709 51.574467
-0.6085 -90.257025 30.004099
0.4767 -107.467477 24.805468
0.8483 -83.158799 39.962474
0.4404 -0.313794 51.48966
0.0 -42.03142 -22.833151
0.0 29.42928 40.805681
0.0 2.332111 48.934939
0.0 -96.716967 32.925555
0.0258